0000000000000000000000000000000000000000000000000000000000000000000000000000000
0000000000000000000000000000000000000000000000000000000000000000000000000000000
0000000000000000000000000000000000000000000000000000000000000000000000000000000
0000100000000000000000000000000000000000000000000000000000000000000000000000000
0000010000000000000000000000000000000000000000000000000000000000000000000000000
0001110000000000000000000000000000000000000000000000000000000000000000000000000
0000000000000000000000000000000000000000000000000000000000000000000000000000000
0000000000000000000000000000000000000000000000000000000000000000000000000000000
0000000000000000000000000000000000000000000000000000000000110000000000000000000
0000000000000000000000000000000000000000000000000000000001100000000000000000000
0000000000000000000000000000000000000000000000000000000000010000000000000000000
0000000000000000000000000000000000000000000000000000000000000110000000000000000
0000000000000000000000000000000000000000000000000000000000001000000000000000000
0000000000000000000000000000000000000000000000000000000000000000000000000000000
0000000000000000000000000000000000000000000000000000000000100100000000000000000
0000000000000000000000000000000000000000000000000000000110100000000000000000000
0000000000000000000000000000000000000000000000000000001100001000000000000000000
0000000000000000000000000000000000000000000000000000000010100100000000000000000
0000000000000000000000000000000000000000000000000000000000000100000000000000000
0000000000000000000000000000000000000000000000000000000000100100000000000000000
0000000000000000000000000000000000000000000000000000000000010100000000000000000
0000000000000000000000000000000000000000000000000000000000010100000000000000000
0000000000000000000000000000000000000000000000000000000000001100000000000000000
0000000000000000000000000000000000000000000000000000000000001000000000000000000
0000000000000000000000000000000000000000000000000000000000000000000000000000000
