0000000000000000000000000000000000000000000000000000000000000000000000000000000
0000000000000000000000000000000000000000000000000000000000000000000000000000000
0000000000000000000000000000000000000000000000000000000000000000000000000000000
0000000000000000000000000000000000110000001100000000000000000000000000000000000
0000000000000000000000000000000001001000010010000000000000000000000000000000000
0000000000000000000000000000000001010000001010000000000000000000000000000000000
0000000000000000000000000000000110011100111001100000000000000000000000000000000
0000000000000000000000000000001000000100100000010000000000000000000000000000000
0000000000000000000000000000001011000000000011010000000000000000000000000000000
0000000000000000000000000000000101000000000010100000000000000000000000000000000
0000000000000000000000000000000001100000000110000000000000000000000000000000000
0000000000000000000000000000000000000000000000000000000000000000000000000000000
0000000000000000000000000000000000000000000000000000000000000000000000000000000
0000000000000000000000000000000001100000000110000000000000000000000000000000000
0000000000000000000000000000000101000000000010100000000000000000000000000000000
0000000000000000000000000000001011000000000011010000000000000000000000000000000
0000000000000000000000000000001000000100100000010000000000000000000000000000000
0000000000000000000000000000000110011100111001100000000000000000000000000000000
0000000000000000000000000000000001010000001010000000000000000000000000000000000
0000000000000000000000000000000001001000010010000000000000000000000000000000000
0000000000000000000000000000000000110000001100000000000000000000000000000000000
0000000000000000000000000000000000000000000000000000000000000000000000000000000
0000000000000000000000000000000000000000000000000000000000000000000000000000000
0000000000000000000000000000000000000000000000000000000000000000000000000000000
0000000000000000000000000000000000000000000000000000000000000000000000000000000
